CameraMatrixA:
- [1108.5323, 0.0, 640.0]
- [0.0, 1108.5323, 480.0]
- [0.0, 0.0, 1.0]
CameraMatrixB:
- [1108.5323, 0.0, 640.0]
- [0.0, 1108.5323, 480.0]
- [0.0, 0.0, 1.0]
CameraMatrix_1313:
- [3820.8228562611407, 0.0, 1326.4654516062476]
- [0.0, 3821.9607427114656, 968.5985801528373]
- [0.0, 0.0, 1.0]
CameraMatrix_1414:
- [3815.108318518933, 0.0, 1243.4847218249176]
- [0.0, 3815.2893510544286, 993.5603092773106]
- [0.0, 0.0, 1.0]
DistCoeffsA: [0.009047438117744753, -15.484880880583953, -0.002230780587893506, 0.000560519373294751,
  335.74201357491165, -0.08352550499216845, -13.401661895173257, 325.93110492633144]
DistCoeffsB: [0.029806195825478866, -1.3662768985180065, 0.0003831368880615615, 0.001127061389701238,
  -6.101709147129398, -0.030022169033741528, 0.1408412039070538, -9.587215569784565]
DistCoeffs_1313: [-6.9476419262569795, 41.962793270317256, 0.0008726379498740759,
  -0.0003088426137778836, 265.9476017170213, -6.885718321588937, 44.55839083448268,
  200.594926384946]
DistCoeffs_1414: [1.211187755114453, 191.23923287100473, -0.001049869142981553, 0.00021419453407883142,
  11.585849151885006, 1.382578507860466, 186.77778449213324, 183.46555619588824]
E_1413:
- [4.913517743087307, -19.152531232730993, 4.37034027634212]
- [-16.40228601337694, -2.2118357271758446, 72.93098795323444]
- [21.037072690218704, -69.05087419443062, 1.576959496567913]
E_AB:
- [-2.5034463651478944, -30.48277246981905, 23.247671414112286]
- [-27.404390615607287, -0.6388186649034004, 70.06043124557439]
- [17.231174932214486, -71.39436393773995, -4.2951632412790595]
F_1413:
- [-1.0424053843900456e-08, 6.888919895664015e-08, -0.00017679475361218056]
- [1.5501962289526938e-07, 2.7178991787583148e-08, -0.0020865642544510843]
- [-0.0006620678351905163, 0.0016482414652143618, 1.0]
F_AB:
- [-2.6114035655162024e-10, 1.4498406264804996e-07, -0.00048449696080443694]
- [8.875635493265418e-08, -1.844563286184167e-09, -0.0011632114544465333]
- [-0.00031304458896597165, 0.0009284188753457823, 1.0]
TCA14:
- [-0.38368885000353875, 0.30009738860958646, -0.873340955029975, 100.28254363448366]
- [-0.5795863376855118, -0.8145194721789492, -0.02525285349464429, 9.271545207232148]
- [-0.7189315291119579, 0.4964872473599226, 0.48645438599904633, 93.17981810216936]
- [0.0, 0.0, 0.0, 1.0]
TCACB:
- [0.7007,0.368,-0.6112,317.8119]
- [-0.3655,0.9209,0.1354,-61.9571]
- [0.6127,0.1285,0.7798,115.5476]
- [0.0, 0.0, 0.0, 1.0]
Tc14c13:
- [0.8246541098348897, 0.3182631222198964, 0.46760473069385106, -72.09668050563256]
- [-0.3362916102667023, 0.9405790253922215, -0.04710679204156354, 3.8906446395408363]
- [-0.45481155657772604, -0.11840473819515002, 0.8826815767740278, 19.872716665121562]
- [0.0, 0.0, 0.0, 1.0]
Tct_1414:
- [0.9335413492600064, -0.35025100763094413, 0.07632025206532597, -11.784390449523926]
- [-0.3106502554072613, -0.8966998940426134, -0.315318440373171, 56.70023727416992]
- [0.1788769634056043, 0.2706538964756909, -0.9459119939430497, 202.66499461407327]
- [0.0, 0.0, 0.0, 1.0]
